1,1,1,2,2,3,3,4,4
2,3,4,5,5
10,11,12,12,12,13,14,15,16,17,17,17
7,8,9,10,10,11,12,13,14
5,6,6,6,7,8,9,10,11,12,12,13,14,14
1,2,3,4
9,10,10,11,12,13,14,15
10,11,12,13,14,15,16,17
12,13,14,15,16,16,17,18,18,18,19,20,20,21
5,5,5,6,7,7,8,9,9
12,13,14,15,16,16,17,17,17,18,18,19,20,20,21
13,14,15,16,17,18,19,20,21,22
10,11,12,13,14,14,14,15,16,16,16,16
2,2,2,2,2
10,11,11,11,12,12,13,14,15,15,16,17,18
1,1,1,2,2,3,3,4,4
6,7,8,9,9,10
2,3,4,5,5
7,8,9,9,10,11,12,13,13,13,14,15,16
10,11,12,13,13,13,13,14,14,15,15,16
14,14,15,16,17,17,18,19,19,20,21,22
11,12,13,14,15,16,16,17
